Starting a Gradle Daemon, 3 busy and 1 incompatible Daemons could not be reused, use --status for details
> Task :GRASP:compileJava
> Task :GRASP:processResources NO-SOURCE
> Task :GRASP:classes
> Task :GRASP:jar
> Task :KQBF_GRASP:compileJava
> Task :KQBF_GRASP:processResources NO-SOURCE
> Task :KQBF_GRASP:classes

> Task :KQBF_GRASP:run


=============================
> Iteration 0
	BestSolution: {cost: -92, size: 7, elements:[17, 5, 4, 14, 9, 1, 8]}
> Iteration 2
	BestSolution: {cost: -93, size: 7, elements:[17, 4, 14, 9, 1, 8, 0]}
-----------------
instance: ../instances/kqbf/kqbf020
construction mechanist: DEFAULT
alpha: 0.05
firstImproving: true
iterations: 1000
Best Solution Found: {cost: 93, size: 7, elements:[17, 4, 14, 9, 1, 8, 0]}
Knapsack Weight of Best Solution: 58
RunningTime: 0.217 seconds


=============================
> Iteration 0
	BestSolution: {cost: -220, size: 13, elements:[37, 1, 24, 25, 19, 34, 7, 28, 21, 2, 29, 4, 11]}
> Iteration 2
	BestSolution: {cost: -221, size: 14, elements:[37, 1, 24, 19, 25, 7, 34, 28, 21, 31, 12, 11, 32, 9]}
> Iteration 4
	BestSolution: {cost: -243, size: 16, elements:[1, 24, 25, 37, 19, 7, 2, 3, 21, 28, 34, 32, 15, 11, 36, 9]}
> Iteration 5
	BestSolution: {cost: -249, size: 14, elements:[24, 1, 22, 8, 3, 36, 18, 14, 2, 23, 31, 7, 9, 34]}
> Iteration 14
	BestSolution: {cost: -272, size: 18, elements:[14, 20, 32, 22, 17, 3, 33, 36, 11, 4, 15, 9, 21, 29, 38, 0, 2, 24]}
-----------------
instance: ../instances/kqbf/kqbf040
construction mechanist: DEFAULT
alpha: 0.05
firstImproving: true
iterations: 1000
Best Solution Found: {cost: 272, size: 18, elements:[14, 20, 32, 22, 17, 3, 33, 36, 11, 4, 15, 9, 21, 29, 38, 0, 2, 24]}
Knapsack Weight of Best Solution: 130
RunningTime: 0.421 seconds


=============================
> Iteration 0
	BestSolution: {cost: -337, size: 21, elements:[57, 3, 28, 19, 39, 9, 21, 44, 5, 27, 8, 45, 0, 11, 23, 18, 52, 33, 15, 17, 20]}
> Iteration 1
	BestSolution: {cost: -440, size: 23, elements:[3, 28, 17, 40, 26, 44, 38, 49, 11, 16, 34, 41, 24, 42, 21, 30, 27, 51, 56, 29, 4, 19, 2]}
> Iteration 4
	BestSolution: {cost: -442, size: 22, elements:[3, 28, 17, 40, 26, 44, 42, 11, 38, 16, 49, 34, 24, 41, 21, 51, 27, 30, 56, 4, 29, 35]}
> Iteration 11
	BestSolution: {cost: -454, size: 23, elements:[28, 3, 17, 40, 26, 44, 38, 49, 11, 16, 42, 34, 51, 21, 56, 4, 55, 19, 30, 41, 35, 29, 24]}
> Iteration 247
	BestSolution: {cost: -465, size: 24, elements:[3, 28, 17, 16, 11, 42, 55, 26, 44, 38, 51, 21, 27, 45, 34, 4, 56, 2, 33, 22, 23, 19, 49, 24]}
-----------------
instance: ../instances/kqbf/kqbf060
construction mechanist: DEFAULT
alpha: 0.05
firstImproving: true
iterations: 1000
Best Solution Found: {cost: 465, size: 24, elements:[3, 28, 17, 16, 11, 42, 55, 26, 44, 38, 51, 21, 27, 45, 34, 4, 56, 2, 33, 22, 23, 19, 49, 24]}
Knapsack Weight of Best Solution: 216
RunningTime: 1.741 seconds


=============================
> Iteration 0
	BestSolution: {cost: -690, size: 26, elements:[48, 23, 37, 36, 2, 29, 18, 54, 31, 62, 3, 58, 42, 19, 43, 9, 12, 71, 1, 64, 46, 75, 24, 70, 69, 17]}
> Iteration 20
	BestSolution: {cost: -724, size: 30, elements:[17, 54, 3, 42, 6, 48, 11, 7, 2, 31, 75, 18, 36, 23, 4, 13, 8, 70, 44, 69, 19, 9, 71, 73, 60, 37, 24, 76, 58, 49]}
> Iteration 50
	BestSolution: {cost: -760, size: 29, elements:[7, 48, 31, 54, 11, 3, 75, 2, 18, 13, 23, 4, 42, 65, 36, 53, 8, 15, 25, 35, 47, 1, 74, 32, 50, 49, 61, 24, 69]}
> Iteration 181
	BestSolution: {cost: -771, size: 30, elements:[7, 48, 31, 54, 11, 3, 75, 2, 36, 4, 23, 18, 13, 42, 6, 44, 65, 20, 61, 50, 8, 49, 37, 47, 15, 53, 60, 14, 69, 74]}
-----------------
instance: ../instances/kqbf/kqbf080
construction mechanist: DEFAULT
alpha: 0.05
firstImproving: true
iterations: 1000
Best Solution Found: {cost: 771, size: 30, elements:[7, 48, 31, 54, 11, 3, 75, 2, 36, 4, 23, 18, 13, 42, 6, 44, 65, 20, 61, 50, 8, 49, 37, 47, 15, 53, 60, 14, 69, 74]}
Knapsack Weight of Best Solution: 286
RunningTime: 3.516 seconds


=============================
> Iteration 0
	BestSolution: {cost: -828, size: 33, elements:[53, 27, 2, 36, 84, 45, 61, 3, 13, 51, 79, 81, 12, 97, 85, 16, 19, 35, 34, 4, 70, 17, 68, 11, 10, 63, 41, 1, 48, 83, 94, 43, 69]}
> Iteration 1
	BestSolution: {cost: -1148, size: 37, elements:[49, 21, 22, 84, 57, 82, 63, 32, 3, 29, 91, 39, 62, 78, 66, 38, 68, 17, 51, 10, 74, 14, 1, 37, 42, 2, 18, 23, 7, 96, 95, 44, 47, 90, 31, 24, 20]}
> Iteration 25
	BestSolution: {cost: -1164, size: 39, elements:[20, 68, 92, 57, 11, 49, 38, 63, 10, 44, 22, 62, 71, 93, 7, 23, 90, 18, 45, 3, 74, 33, 21, 24, 69, 96, 14, 50, 91, 95, 43, 86, 29, 64, 51, 17, 78, 85, 2]}
> Iteration 31
	BestSolution: {cost: -1200, size: 39, elements:[68, 43, 57, 11, 38, 49, 22, 74, 78, 51, 56, 23, 10, 24, 62, 21, 89, 39, 3, 18, 29, 14, 95, 44, 31, 7, 63, 17, 81, 90, 91, 52, 96, 71, 2, 64, 93, 32, 47]}
> Iteration 121
	BestSolution: {cost: -1229, size: 41, elements:[49, 22, 57, 68, 84, 82, 39, 38, 63, 92, 11, 17, 10, 91, 21, 74, 78, 3, 62, 29, 32, 44, 47, 23, 90, 93, 95, 66, 51, 37, 7, 96, 18, 14, 2, 71, 42, 24, 89, 69, 9]}
-----------------
instance: ../instances/kqbf/kqbf100
construction mechanist: DEFAULT
alpha: 0.05
firstImproving: true
iterations: 1000
Best Solution Found: {cost: 1229, size: 41, elements:[49, 22, 57, 68, 84, 82, 39, 38, 63, 92, 11, 17, 10, 91, 21, 74, 78, 3, 62, 29, 32, 44, 47, 23, 90, 93, 95, 66, 51, 37, 7, 96, 18, 14, 2, 71, 42, 24, 89, 69, 9]}
Knapsack Weight of Best Solution: 342
RunningTime: 7.205 seconds


=============================
> Iteration 0
	BestSolution: {cost: -3046, size: 65, elements:[5, 4, 6, 125, 19, 169, 154, 187, 75, 46, 72, 155, 145, 51, 148, 140, 30, 68, 121, 78, 70, 99, 104, 167, 117, 127, 156, 66, 138, 131, 171, 111, 137, 119, 62, 139, 69, 157, 31, 49, 179, 42, 89, 86, 21, 28, 100, 106, 103, 166, 20, 40, 61, 52, 18, 112, 67, 54, 141, 7, 32, 174, 94, 85, 17]}
> Iteration 1
	BestSolution: {cost: -3437, size: 70, elements:[83, 172, 87, 101, 61, 95, 110, 145, 19, 4, 21, 108, 85, 174, 191, 34, 126, 63, 54, 68, 104, 131, 70, 155, 80, 7, 124, 121, 25, 51, 167, 43, 17, 133, 158, 52, 30, 138, 179, 81, 86, 12, 162, 160, 106, 148, 166, 141, 11, 119, 65, 100, 16, 118, 157, 123, 31, 180, 181, 99, 117, 69, 23, 170, 169, 111, 18, 129, 67, 49]}
> Iteration 2
	BestSolution: {cost: -3470, size: 68, elements:[49, 31, 89, 179, 157, 30, 138, 184, 141, 137, 61, 13, 114, 103, 66, 121, 110, 193, 45, 76, 166, 99, 69, 196, 19, 145, 67, 85, 4, 108, 155, 86, 106, 101, 43, 23, 72, 92, 70, 154, 147, 167, 174, 51, 54, 119, 34, 17, 95, 83, 63, 25, 172, 87, 158, 80, 90, 198, 131, 94, 52, 7, 84, 148, 162, 28, 124, 81]}
> Iteration 3
	BestSolution: {cost: -3573, size: 73, elements:[49, 31, 89, 179, 157, 121, 61, 141, 66, 184, 138, 137, 103, 72, 193, 13, 110, 195, 196, 172, 92, 175, 45, 83, 101, 108, 43, 23, 145, 93, 147, 155, 34, 51, 167, 166, 56, 87, 126, 7, 54, 117, 85, 70, 4, 80, 90, 99, 114, 69, 174, 17, 67, 30, 106, 21, 73, 6, 198, 113, 26, 19, 119, 170, 68, 63, 100, 48, 16, 81, 124, 86, 177]}
> Iteration 7
	BestSolution: {cost: -3686, size: 73, elements:[69, 17, 53, 157, 179, 84, 150, 162, 67, 155, 119, 66, 31, 100, 34, 171, 11, 4, 6, 90, 16, 118, 48, 77, 44, 12, 82, 185, 130, 141, 81, 85, 54, 7, 56, 87, 106, 174, 80, 73, 114, 147, 193, 192, 117, 196, 133, 131, 167, 70, 145, 21, 25, 68, 138, 30, 51, 61, 72, 195, 184, 127, 198, 83, 172, 101, 108, 45, 86, 134, 110, 49, 177]}
> Iteration 9
	BestSolution: {cost: -3735, size: 75, elements:[49, 117, 31, 179, 69, 84, 127, 192, 184, 7, 162, 9, 66, 171, 107, 145, 110, 80, 72, 131, 157, 195, 155, 193, 86, 88, 4, 101, 21, 23, 38, 77, 28, 34, 172, 119, 196, 87, 95, 83, 85, 150, 82, 147, 16, 81, 51, 56, 183, 165, 167, 141, 174, 166, 44, 94, 54, 70, 106, 138, 185, 108, 45, 11, 25, 61, 17, 198, 67, 63, 124, 99, 53, 134, 121]}
> Iteration 62
	BestSolution: {cost: -3793, size: 75, elements:[49, 117, 31, 179, 69, 84, 127, 192, 184, 7, 157, 195, 110, 196, 13, 175, 121, 193, 76, 56, 92, 72, 172, 70, 90, 148, 131, 85, 77, 34, 107, 145, 87, 141, 155, 66, 44, 99, 167, 171, 111, 140, 53, 138, 137, 51, 11, 4, 61, 100, 106, 54, 119, 48, 6, 147, 67, 16, 12, 30, 162, 114, 68, 124, 101, 174, 17, 108, 81, 118, 21, 86, 134, 198, 95]}
> Iteration 406
	BestSolution: {cost: -3799, size: 74, elements:[49, 108, 66, 184, 31, 103, 61, 166, 69, 67, 17, 157, 84, 174, 141, 196, 92, 138, 167, 13, 172, 137, 23, 101, 34, 145, 99, 193, 87, 155, 85, 83, 198, 82, 72, 4, 51, 100, 121, 147, 110, 175, 45, 134, 56, 7, 195, 80, 106, 70, 54, 90, 44, 117, 119, 86, 131, 48, 16, 192, 77, 154, 129, 25, 171, 185, 21, 179, 81, 95, 11, 162, 53, 165]}
> Iteration 950
	BestSolution: {cost: -3818, size: 77, elements:[49, 117, 31, 179, 69, 84, 7, 184, 127, 192, 162, 157, 81, 87, 106, 119, 65, 114, 1, 17, 174, 6, 4, 196, 172, 170, 143, 67, 48, 94, 145, 121, 85, 13, 99, 141, 90, 193, 70, 167, 54, 43, 111, 34, 155, 23, 95, 25, 122, 26, 108, 15, 147, 63, 166, 44, 37, 56, 16, 86, 21, 51, 165, 148, 175, 11, 195, 101, 160, 171, 181, 124, 83, 110, 118, 131, 189]}
-----------------
instance: ../instances/kqbf/kqbf200
construction mechanist: DEFAULT
alpha: 0.05
firstImproving: true
iterations: 1000
Best Solution Found: {cost: 3818, size: 77, elements:[49, 117, 31, 179, 69, 84, 7, 184, 127, 192, 162, 157, 81, 87, 106, 119, 65, 114, 1, 17, 174, 6, 4, 196, 172, 170, 143, 67, 48, 94, 145, 121, 85, 13, 99, 141, 90, 193, 70, 167, 54, 43, 111, 34, 155, 23, 95, 25, 122, 26, 108, 15, 147, 63, 166, 44, 37, 56, 16, 86, 21, 51, 165, 148, 175, 11, 195, 101, 160, 171, 181, 124, 83, 110, 118, 131, 189]}
Knapsack Weight of Best Solution: 679
RunningTime: 59.487 seconds


=============================
> Iteration 0
	BestSolution: {cost: -8561, size: 138, elements:[68, 254, 104, 358, 340, 117, 315, 193, 96, 160, 391, 394, 355, 12, 1, 54, 4, 269, 155, 16, 380, 398, 208, 226, 220, 86, 15, 192, 302, 44, 211, 23, 95, 21, 385, 9, 212, 162, 306, 101, 285, 328, 263, 327, 108, 373, 35, 235, 20, 236, 80, 366, 289, 195, 131, 251, 230, 339, 166, 18, 125, 24, 5, 217, 66, 71, 359, 165, 187, 110, 256, 304, 174, 296, 214, 69, 368, 255, 121, 238, 70, 371, 349, 329, 151, 196, 356, 183, 158, 342, 386, 154, 318, 76, 231, 106, 52, 253, 323, 393, 301, 341, 287, 10, 312, 100, 119, 357, 81, 11, 378, 85, 246, 124, 250, 157, 51, 364, 148, 288, 258, 84, 179, 387, 277, 49, 30, 134, 245, 201, 150, 297, 352, 397, 260, 17, 317, 278]}
> Iteration 1
	BestSolution: {cost: -9787, size: 143, elements:[172, 180, 332, 247, 72, 31, 92, 138, 331, 77, 196, 367, 319, 115, 50, 104, 272, 265, 266, 384, 347, 51, 154, 83, 389, 103, 216, 101, 221, 349, 16, 99, 82, 224, 174, 278, 134, 49, 328, 150, 4, 30, 17, 21, 324, 274, 299, 388, 215, 288, 114, 124, 354, 364, 85, 157, 56, 352, 230, 87, 145, 323, 289, 211, 125, 80, 228, 158, 195, 387, 306, 69, 357, 251, 54, 312, 32, 3, 53, 304, 208, 156, 273, 297, 192, 307, 277, 375, 25, 147, 131, 311, 110, 327, 204, 70, 296, 365, 218, 290, 336, 177, 227, 183, 18, 7, 160, 258, 63, 10, 200, 291, 132, 81, 382, 1, 284, 245, 191, 236, 136, 366, 350, 5, 119, 356, 201, 162, 76, 166, 148, 86, 28, 163, 263, 65, 285, 317, 260, 165, 155, 11, 212]}
> Iteration 22
	BestSolution: {cost: -9983, size: 146, elements:[328, 316, 206, 304, 327, 285, 276, 158, 170, 277, 377, 87, 150, 6, 199, 286, 125, 5, 288, 253, 155, 119, 360, 259, 366, 94, 77, 157, 80, 312, 153, 114, 23, 73, 177, 159, 16, 375, 378, 147, 17, 250, 93, 265, 251, 83, 10, 136, 358, 163, 88, 229, 29, 348, 244, 301, 323, 336, 386, 332, 28, 156, 211, 143, 370, 98, 222, 258, 231, 263, 138, 160, 387, 331, 66, 373, 20, 181, 95, 354, 317, 30, 162, 236, 4, 166, 342, 108, 19, 266, 53, 383, 63, 165, 99, 145, 275, 187, 183, 51, 398, 69, 355, 54, 350, 70, 179, 215, 245, 110, 148, 296, 124, 306, 192, 101, 307, 169, 274, 290, 357, 299, 171, 111, 154, 195, 289, 247, 18, 56, 196, 85, 82, 92, 399, 100, 81, 11, 47, 278, 134, 24, 234, 218, 397, 49]}
> Iteration 33
	BestSolution: {cost: -9991, size: 149, elements:[83, 154, 211, 101, 304, 244, 320, 253, 196, 92, 378, 248, 216, 289, 72, 173, 195, 234, 1, 299, 5, 16, 356, 163, 295, 236, 208, 279, 167, 86, 251, 131, 371, 265, 380, 155, 366, 48, 172, 288, 147, 124, 157, 103, 15, 77, 156, 328, 18, 174, 332, 276, 31, 100, 138, 70, 134, 108, 387, 352, 10, 84, 391, 316, 240, 132, 307, 85, 357, 51, 25, 99, 273, 148, 171, 4, 145, 204, 80, 125, 158, 327, 54, 389, 272, 110, 367, 285, 377, 11, 34, 368, 65, 175, 264, 383, 309, 50, 291, 223, 192, 239, 350, 177, 189, 117, 44, 336, 119, 56, 141, 230, 301, 312, 250, 170, 6, 21, 17, 114, 306, 323, 95, 136, 7, 233, 351, 303, 62, 358, 381, 87, 45, 215, 342, 88, 30, 63, 38, 193, 166, 165, 274, 397, 317, 269, 212, 49, 260]}
> Iteration 151
	BestSolution: {cost: -10118, size: 153, elements:[328, 316, 87, 247, 304, 327, 211, 373, 114, 21, 285, 230, 117, 69, 97, 235, 192, 61, 95, 49, 101, 66, 108, 352, 289, 273, 172, 249, 174, 366, 320, 146, 306, 397, 32, 154, 323, 208, 244, 83, 16, 248, 110, 196, 92, 288, 386, 56, 76, 147, 250, 379, 100, 157, 54, 15, 332, 0, 7, 307, 144, 380, 205, 240, 70, 378, 65, 85, 51, 99, 11, 148, 84, 124, 10, 80, 155, 385, 368, 371, 158, 383, 17, 166, 296, 119, 125, 4, 152, 339, 363, 342, 162, 48, 251, 175, 171, 229, 272, 165, 44, 189, 301, 18, 193, 120, 309, 35, 88, 215, 336, 129, 9, 291, 269, 23, 141, 177, 350, 312, 151, 349, 30, 132, 253, 82, 105, 77, 45, 233, 326, 73, 25, 156, 303, 195, 47, 160, 351, 324, 139, 284, 216, 276, 377, 50, 223, 260, 121, 389, 234, 212, 20]}
> Iteration 252
	BestSolution: {cost: -10261, size: 149, elements:[328, 316, 87, 21, 247, 138, 174, 172, 61, 145, 104, 70, 284, 211, 91, 114, 3, 262, 167, 304, 333, 196, 17, 306, 339, 69, 208, 0, 397, 7, 230, 85, 381, 351, 80, 52, 124, 312, 227, 25, 300, 323, 352, 121, 354, 289, 156, 103, 30, 99, 347, 332, 134, 349, 131, 100, 16, 299, 376, 78, 324, 92, 101, 154, 325, 233, 387, 155, 181, 307, 319, 83, 158, 264, 273, 357, 175, 53, 125, 157, 56, 195, 110, 215, 31, 49, 290, 371, 166, 274, 72, 288, 205, 389, 368, 189, 240, 148, 32, 374, 364, 165, 338, 18, 296, 216, 291, 183, 177, 132, 190, 309, 1, 45, 170, 63, 327, 209, 336, 147, 301, 228, 97, 65, 51, 10, 201, 320, 2, 160, 275, 47, 179, 108, 311, 197, 113, 43, 314, 245, 272, 265, 140, 260, 221, 348, 218, 223, 317]}
-----------------
instance: ../instances/kqbf/kqbf400
construction mechanist: DEFAULT
alpha: 0.05
firstImproving: true
iterations: 1000
Best Solution Found: {cost: 10261, size: 149, elements:[328, 316, 87, 21, 247, 138, 174, 172, 61, 145, 104, 70, 284, 211, 91, 114, 3, 262, 167, 304, 333, 196, 17, 306, 339, 69, 208, 0, 397, 7, 230, 85, 381, 351, 80, 52, 124, 312, 227, 25, 300, 323, 352, 121, 354, 289, 156, 103, 30, 99, 347, 332, 134, 349, 131, 100, 16, 299, 376, 78, 324, 92, 101, 154, 325, 233, 387, 155, 181, 307, 319, 83, 158, 264, 273, 357, 175, 53, 125, 157, 56, 195, 110, 215, 31, 49, 290, 371, 166, 274, 72, 288, 205, 389, 368, 189, 240, 148, 32, 374, 364, 165, 338, 18, 296, 216, 291, 183, 177, 132, 190, 309, 1, 45, 170, 63, 327, 209, 336, 147, 301, 228, 97, 65, 51, 10, 201, 320, 2, 160, 275, 47, 179, 108, 311, 197, 113, 43, 314, 245, 272, 265, 140, 260, 221, 348, 218, 223, 317]}
Knapsack Weight of Best Solution: 1343
RunningTime: 798.433 seconds

BUILD SUCCESSFUL in 14m 37s
4 actionable tasks: 4 executed
